spawns: 
  default: 
    world: MondoCrysma
    x: 222.53800978439568
    y: 64.0
    z: 193.6668684050345
    yaw: 179.3078
    pitch: 19.860727
