timestamps:
  login: 1390499221027
  logout: 1390499211132
ipAddress: 192.168.1.101
lastlocation:
  world: Mondo6
  x: 64.0
  y: 64.0
  z: -80.0
  yaw: 0.0
  pitch: 0.0
logoutlocation:
  world: MondoCrysma
  x: 222.5
  y: 64.0
  z: 193.5
  yaw: 181.79932
  pitch: 53.99995
