timestamps:
  login: 1373400384312
  logout: 1373400653640
ipAddress: 2.38.98.236
lastlocation:
  world: world
  x: -224.5
  y: 70.0
  z: 255.5
  yaw: 0.0
  pitch: 0.0
logoutlocation:
  world: world
  x: -242.7962553269435
  y: 69.0
  z: 164.470310998363
  yaw: 101.850655
  pitch: 15.900091
